counts
958
980
972
945
940
968
964
1026
933
1010
927
979
943
990
983
940
900
921
912
916
964
949
966
952
963
997
937
1016
946
983
981
1003
955
992
946
1008
980
963
923
970
1011
971
943
966
969
967
900
945
984
1017
981
995
993
974
951
926
978
974
956
946
931
957
954
895
869
891
907
883
841
940
873
833
899
854
916
890
912
924
954
912
936
869
853
883
849
898
889
956
913
886
930
868
896
897
914
890
851
953
906
859
911
914
907
916
934
940
848
940
909
873
890
932
890
814
891
916
841
899
909
868
869
751
717
732
692
704
708
725
683
700
697
699
690
731
671
664
676
693
697
676
700
704
718
704
726
705
755
726
682
705
726
572
578
569
612
573
571
603
634
556
563
591
592
590
581
546
573
599
547
580
558
598
552
625
595
549
572
622
565
590
526
579
591
552
576
586
580
591
572
611
590
575
566
579
617
557
548
608
932
681
506
456
489
508
490
461
430
495
523
438
473
516
405
431
443
499
451
436
457
510
472
469
436
501
461
448
473
437
448
457
492
427
481
132