counts
438
445
460
469
457
478
466
494
434
481
444
458
459
453
488
423
468
445
459
482
458
469
501
479
436
472
489
488
474
448
486
478
491
436
466
472
443
471
446
496
489
490
452
465
481
439
453
476
441
444
465
513
462
492
465
1806
4094
4200
4030
4211
4316
4173
4111
4122
4125
4179
4169
4222
4165
4086
4097
4094
3984
4104
4193
4059
4225
3963
4073
4020
4335
4071
4094
4103
4134
4048
4185
4212
4073
4146
4033
4089
4074
4082
4157
4181
4084
4152
4064
4088
4013
4146
4043
4048
4129
4165
4117
4140
4077
4111
4102
4133
4084
4114
3993
4136
4169
4018
4139
3096
1447
1543
1445
1516
1400
1531
1516
1536
1520
1481
1516
1451
1489
1509
1468
1541
1587
1448
1487
1494
1476
1525
1466
1511
1507
1445
1552
1472
1492
1500
1516
1507
1428
1539
1450
1455
1444
1438
1466
1558
1483
1091
887
897
847
852
884
912
878
861
846
893
845
917
933
886
924
936
867
902
883
919
875
892
934
959
902
856
898
891
865
873
909
905
931
892
911
849
914
925
909
918
847
924
851
914
883
897
947
850
872
912
890
848
943
896
886
902
899
883
866
840
873
892
840
923
770
637
674
663
656
680
634
615
602
668
644
629
662
663
678
689
659
652
638
654
674
642
616
705
646
685
636
654
656
642
619
634
641
638
616
641
669
667
635
620
700
675
651
658
639
646
665
663
678
618
70
0
0
0
