0
0
0
0
0
0
0
3
6
3
9
2
1
4
8
119
1637
1627
792
343
252
214
214
203
166
173
179
176
165
166
206
362
1112
3492
8957
16641
23071
25282
23099
18778
14694
11625
7365
3624
1309
398
175
125
123
122
111
105
115
139
143
112
120
113
120
120
122
118
104
115
112
113
117
99
104
95
120
113
98
113
107
104
107
109
99
109
104
86
99
104
94
107
102
96
100
105
111
96
123
105
113
94
96
91
112
94
99
93
105
98
84
84
95
95
112
85
90
87
112
98
94
93
94
94
96
98
106
95
96
87
81
111
59
85
101
78
82
91
105
70
65
65
62
97
81
64
95
77
84
74
90
83
84
75
74
67
73
72
67
77
83
64
73
62
66
81
72
67
66
69
67
69
65
70
70
63
89
61
56
72
75
63
55
68
66
62
66
71
63
61
87
75
57
73
78
57
55
86
66
76
86
65
63
66
82
64
60
58
72
70
63
72
72
71
72
79
87
65
92
72
71
72
60
71
77
74
76
57
68
73
80
68
78
71
78
82
61
88
72
78
85
82
96
75
101
75
94
78
86
80
102
99
92
104
91
92
83
77
75
72
67
46
64
52
46
46
39
41
59
51
56
49
58
36
32
45
38
43
31
48
31
32
31
38
21
25
37
25
27
27
30
19
23
20
27
27
31
27
20
20
27
20
11
11
14
12
11
14
14
15
12
12
12
11
7
9
8
12
14
14
14
8
16
13
11
9
5
14
12
9
5
11
11
10
13
10
10
8
12
12
11
4
4
11
9
5
9
4
11
10
12
6
6
7
10
12
11
10
9
12
9
9
16
42
100
215
367
572
721
775
585
376
259
181
84
44
17
18
8
11
6
4
9
4
6
6
11
5
11
10
3
3
2
4
0
1
2
1
4
4
2
1
2
2
2
1
7
4
1
1
1
3
2
2
2
2
0
3
2
1
1
1
1
2
0
2
1
0
2
1
1
1
2
1
2
7
1
4
1
1
0
0
0
1
0
1
1
1
1
6
3
0
0
0
2
2
3
0
0
1
0
1
1
1
0
0
2
1
1
0
5
3
0
0
2
2
2
0
0
1
0
1
0
0
1
2
1
2
3
2
1
1
2
3
2
3
0
0
1
1
3
0
5
0
1
0
1
0
1
1
2
0
3
1
1
2
4
1
4
1
3
1
1
2
0
1
2
1
1
3
3
1
0
0
0
2
1
1
4
1
0
1
3
2
2
1
2
2
2
0
1
3
1
0
0
2
2
1
2
3
0
0
1
2
1
1
1
3
1
2
4
1
2
1
1
1
1
0
1
3
2
2
2
2
1
2
1
3
1
2
1
2
1
1
0
1
0
2
3
3
2
1
0
0
0
4
1
2
3
1
1
6
0
1
2
4
1
0
1
1
0
0
0
0
1
0
0
0
2
1
2
1
0
0
0
3
2
2
1
0
0
0
3
1
1
2
1
4
1
1
1
1
2
4
2
1
0
1
1
0
1
2
1
1
2
2
1
0
1
1
0
1
1
1
1
1
1
0
1
3
2
1
0
1
0
3
2
2
1
1
0
3
2
2
1
3
0
0
1
0
1
0
0
1
0
5
2
3
3
1
0
3
2
0
1
0
0
0
2
1
1
1
2
1
1
0
1
0
0
0
1
1
0
1
0
0
2
1
0
0
1
0
1
0
1
1
0
2
1
2
1
2
0
0
0
0
0
3
1
1
1
1
0
1
0
0
0
1
1
0
0
2
2
0
0
0
1
0
0
1
2
0
0
0
1
0
1
1
0
0
1
1
0
1
2
2
2
1
1
3
0
1
0
0
2
0
0
0
0
0
2
1
0
1
0
0
0
0
0
0
0
0
1
0
0
0
0
0
1
0
1
0
0
1
0
1
1
0
0
1
0
0
0
0
0
1
0
0
0
0
1
0
0
1
0
0
2
0
0
0
1
0
0
2
1
1
2
6
5
4
4
4
2
1
3
0
0
0
1
0
1
1
0
0
1
0
0
0
1
0
0
0
0
0
0
0
0
0
0
2
0
2
0
0
0
0
0
0
0
0
0
0
0
0
0
0
0
0
0
0
0
1
0
0
1
0
0
0
0
0
0
0
0
0
0
0
0
0
0
0
0
1
0
0
0
0
1
0
0
0
0
0
0
0
0
0
0
1
0
0
0
0
0
0
2
2
0
0
1
0
0
0
0
0
0
0
0
0
0
1
0
0
0
0
0
0
1
1
1
0
0
0
0
0
0
0
0
0
0
0
0
0
0
0
0
0
0
0
0
0
0
0
0
0
0
0
0
0
0
0
0
0
0
0
1
1
0
0
0
0
