442
448
429
411
441
463
454
481
461
421
410
427
413
421
455
456
464
418
445
427
414
448
427
442
441
475
456
477
472
388
479
427
444
477
409
454
418
436
493
448
418
454
300
310
323
330
331
323
313
292
283
320
333
333
319
345
311
346
296
305
311
326
301
321
298
309
332
312
295
320
313
222
252
213
189
213
208
246
202
214
231
261
217
211
231
222
252
216
233
228
229
235
204
214
225
205
131
111
151
101
130
140
126
115
131
129
118
126
141
119
139
109
117
114
123
139
109
114
142
113
139
135
127
105
119
123
117
110
109
115
115
124
108
120
136
134
113
124
131
109
97
100
107
105
108
115
104
111
99
105
96
105
101
107
106
110
107
100
104
108
117
114
105
97
117
85
119
122
129
120
120
100
127
108
108
323
328
110
83
116
115
98
87
118
122
122
119
116
115
109
102
110
113
98
114
103
108
103
134
107